{
  "accessors": [
    {
      "bufferView": 2,
      "componentType": 5126,
      "count": 4556,
      "max": [
        0.9993386268615723,
        0.9993386268615723,
        3.8409640789031982
      ],
      "min": [
        -0.9993385076522827,
        -0.9993386268615723,
        -4.315931797027588
      ],
      "type": "VEC3"
    },
    {
      "bufferView": 2,
      "byteOffset": 54672,
      "componentType": 5126,
      "count": 4556,
      "max": [
        0.9919782876968384,
        0.9919769167900085,
        1.0
      ],
      "min": [
        -0.9919782876968384,
        -0.9919782876968384,
        -1.0
      ],
      "type": "VEC3"
    },
    {
      "bufferView": 1,
      "componentType": 5126,
      "count": 4556,
      "max": [
        0.9604734778404236,
        1.3312690258026123
      ],
      "min": [
        0.012433820404112339,
        0.017300240695476532
      ],
      "type": "VEC2"
    },
    {
      "bufferView": 0,
      "componentType": 5125,
      "count": 17268,
      "type": "SCALAR"
    }
  ],
  "asset": {
    "extras": {
      "author": "yulaflı bisküvi (https://sketchfab.com/samere)",
      "license": "CC-BY-4.0 (http://creativecommons.org/licenses/by/4.0/)",
      "source": "https://sketchfab.com/3d-models/battery-duracell-3c3fcc0d17754c9494a2f9c2deaa6139",
      "title": "battery duracell"
    },
    "generator": "Sketchfab-10.64.0",
    "version": "2.0"
  },
  "bufferViews": [
    {
      "buffer": 0,
      "byteLength": 69072,
      "name": "floatBufferViews",
      "target": 34963
    },
    {
      "buffer": 0,
      "byteLength": 36448,
      "byteOffset": 69072,
      "byteStride": 8,
      "name": "floatBufferViews",
      "target": 34962
    },
    {
      "buffer": 0,
      "byteLength": 109344,
      "byteOffset": 105520,
      "byteStride": 12,
      "name": "floatBufferViews",
      "target": 34962
    }
  ],
  "buffers": [
    {
      "byteLength": 214864,
      "uri": "scene.bin"
    }
  ],
  "images": [
    {
      "uri": "textures/Material.001_baseColor.png"
    }
  ],
  "materials": [
    {
      "doubleSided": true,
      "name": "Material.001",
      "pbrMetallicRoughness": {
        "baseColorTexture": {
          "index": 0
        },
        "metallicFactor": 0.7252517575527265,
        "roughnessFactor": 0.147634429032871
      }
    }
  ],
  "meshes": [
    {
      "name": "Material_001-material",
      "primitives": [
        {
          "attributes": {
            "NORMAL": 1,
            "POSITION": 0,
            "TEXCOORD_0": 2
          },
          "indices": 3,
          "material": 0,
          "mode": 4
        }
      ]
    }
  ],
  "nodes": [
    {
      "children": [
        1
      ],
      "matrix": [
        0.9639797210693359,
        -5.905849212713433e-17,
        0.26597580313682556,
        0.0,
        0.26597580313682556,
        2.1404649632058258e-16,
        -0.9639797210693359,
        0.0,
        0.0,
        1.0,
        2.220446049250313e-16,
        0.0,
        -2.4528100084353355e-07,
        -6.355245432132542e-07,
        1.598548078618478e-05,
        1.0
      ],
      "name": "Sketchfab_model"
    },
    {
      "children": [
        2,
        4,
        6
      ],
      "name": "Collada visual scene group"
    },
    {
      "children": [
        3
      ],
      "matrix": [
        0.3674643,
        0.0,
        0.0,
        0.0,
        0.0,
        -0.3674643,
        4.32503e-06,
        0.0,
        0.0,
        -4.32503e-06,
        -0.3674643,
        0.0,
        0.0,
        0.0,
        0.0,
        1.0
      ],
      "name": "Circle"
    },
    {
      "mesh": 0,
      "name": "Material_001-material"
    },
    {
      "children": [
        5
      ],
      "matrix": [
        0.5431891,
        0.1799398,
        0.820102,
        0.0,
        -0.6151352,
        0.7500874,
        0.2428529,
        0.0,
        -0.5714493,
        -0.6363887,
        0.5181266,
        0.0,
        -1.29165,
        -1.657213,
        2.352906,
        1.0
      ],
      "name": "Sun"
    },
    {
      "name": "Sun"
    },
    {
      "children": [
        7
      ],
      "matrix": [
        0.915135,
        -0.4029289,
        -0.01327884,
        0.0,
        0.07450505,
        0.1366623,
        0.9878119,
        0.0,
        -0.3962032,
        -0.9049706,
        0.1550847,
        0.0,
        -1.697625,
        -3.212888,
        1.486979,
        1.0
      ],
      "name": "Camera"
    },
    {
      "name": "Camera-camera"
    }
  ],
  "samplers": [
    {
      "magFilter": 9729,
      "minFilter": 9987,
      "wrapS": 10497,
      "wrapT": 10497
    }
  ],
  "scene": 0,
  "scenes": [
    {
      "name": "Sketchfab_Scene",
      "nodes": [
        0
      ]
    }
  ],
  "textures": [
    {
      "sampler": 0,
      "source": 0
    }
  ]
}
